0 0.04679958125 0.4009815203125 0.046699665625 0.41007693281249996 0.055247209374999995 0.42354883125000004 0.07673935625 0.43152607343750005 0.0937989921875 0.442390696875 0.1027776625 0.44395469531250004 0.1070887859375 0.44212473125 0.1000326640625 0.42550154687499997 0.099399053125 0.424925271875 0.096495171875 0.41716773749999997 0.08918970000000001 0.39995712499999997 0.06670034062499999 0.3945459265625 0.0494320109375 0.3978523390625 0.04679958125 0.4009815203125
0 0.3597299140625 0.2266968296875 0.369735440625 0.22879155468749998 0.373002834375 0.2274046296875 0.3601472984375 0.19835476093749999 0.35503794843750003 0.16632331718749999 0.3572941890625 0.15580965468750002 0.351596025 0.1423856234375 0.3469432421875 0.140588528125 0.3254776875 0.1446706703125 0.320221690625 0.154948821875 0.331445984375 0.1853905171875 0.3597299140625 0.2266968296875
0 0.559375 0.17200715625000002 0.5293240625 0.101211584375 0.5030529328125 0.15662214375 0.5027000078125 0.159789615625 0.5067973171875 0.168109303125 0.518212578125 0.176340375 0.5184655874999999 0.182268315625 0.50038263125 0.1969853 0.48549372343749997 0.1912345953125 0.4569656453125 0.1480201375 0.4460854125 0.1103911734375 0.4340199 0.07930066718749999 0.43315209218749995 0.0665924703125 0.43061957656249994 0.060626234375 0.42690178124999995 0.0611984546875 0.420604734375 0.0890186234375 0.422602225 0.124382753125 0.42893230937500004 0.16595491874999999 0.43531798750000006 0.1783326921875 0.44685975312500004 0.1895277359375 0.45698095624999996 0.20937288125000003 0.457116325 0.21635664375000002 0.44719253593749997 0.23163382656249998 0.45021334375000005 0.24141634843749998 0.4615109640625 0.2507032453125 0.4602346328125 0.27035691093750003 0.464584953125 0.284604534375 0.4744531453125 0.29852174374999996 0.4837262421875 0.3026208734375 0.49289524374999993 0.2987288640625 0.49304212343750003 0.2956606375 0.48613269531250003 0.263387390625 0.49304453906249995 0.2423474828125 0.50610678125 0.23579699999999998 0.522433978125 0.2409371875 0.5376935375 0.25156000624999997 0.551741228125 0.25666189687499996 0.559375 0.25555575468749997 0.559375 0.234563396875 0.559250140625 0.2343626515625 0.55876185 0.23054636718750002 0.559375 0.2298566234375 0.559375 0.17200715625000002
0 1 0.171857803125 0.9720185203125 0.15027627500000001 0.9556824593750001 0.14111629375 0.831785759375 0.10116551250000001 0.776101015625 0.09261382812499999 0.7630121859375001 0.087104925 0.7290814593749999 0.0964782171875 0.6746706312499999 0.121586021875 0.6698674718750001 0.1196012859375 0.6435189859375 0.0855205390625 0.6343832328125 0.077327765625 0.604117121875 0.0620100671875 0.5835927 0.0576456078125 0.5738864671874999 0.06277155 0.559375 0.0783127796875 0.559375 0.20713344375 0.5601755890625 0.2104218546875 0.5615760078124999 0.24704531406250002 0.5745737890625 0.265669425 0.58641288125 0.302891375 0.59750180625 0.32634930624999997 0.6132673875 0.348828003125 0.6361156328125 0.37332973125 0.6768647328124999 0.4093448921875 0.7209343875 0.42785633437500004 0.7322320046875 0.43714323125 0.7388352406250001 0.4393697703125 0.7778310015625 0.44192895 0.8247683671875 0.4551995609375 0.8467576687499999 0.47101288906249994 0.8641968203125 0.4907694171875 0.8738474593750001 0.514837865625 0.8855943671875 0.5390625 0.90578513125 0.5390625 0.9040047906249999 0.5352311796875 0.8955394312500001 0.504624278125 0.8818092109375 0.48027573281249997 0.8779205953125 0.45778501250000003 0.877767496875 0.4427616578125 0.8806263484375 0.433501034375 0.8933090765625 0.4180586453125 0.9425549578125001 0.3901137828125 0.9656409015625 0.35919070625 0.9686085296875 0.34485446249999996 0.9769763906249999 0.33124362343749997 0.9839325515624999 0.3303026875 0.9891152250000002 0.3411793328125 0.99451545625 0.341904740625 0.9961890296875 0.33918257343749997 0.9912416374999999 0.3261942765625 0.9969770640625001 0.3157126171875 1 0.3146426140625 1 0.171857803125
0 0.1125 0.8046875 0.128125 0.1875
0 0.18984375 0.9515625 0.053125 0.0671875
0 0.34453125 0.9484375 0.0515625 0.059375
0 0.459375 0.59375 0.096875 0.109375
0 0.51328125 0.62265625 0.0921875 0.1671875
0 0.509375 0.96953125 0.034375 0.0359375
0 0.559375 0.5390625 0.559375 0.872072615625 0.594003128125 0.880610096875 0.624060546875 0.9100988265625001 0.62984029375 0.9197161421875 0.6456413249999999 0.9582740171874999 0.6670821124999999 1 0.6903803203125001 1 0.6723894703125 0.9559731062499999 0.669242153125 0.9432266125 0.6489997484375001 0.903536321875 0.6425786125 0.8750793640625 0.645302096875 0.8588349765625001 0.7078189109374999 0.8101686000000001 0.722536996875 0.7928563609375 0.73447841875 0.76766974375 0.7481200046875001 0.751820340625 0.7491876421875 0.746337709375 0.7572114421875 0.7399141421875 0.774235625 0.7346995859375001 0.804710428125 0.7358462453125 0.8138461796875 0.7440390203125 0.8426651359375 0.7559474406250001 0.8652249203124999 0.75844205 0.8772017953125001 0.7493346125 0.8787710484375 0.7241468921875 0.876289378125 0.718300440625 0.8664303406249999 0.7066300296875 0.8249753906249999 0.6769498171875 0.8018918609375 0.6545597390625 0.7854292984375 0.6424357875 0.7807349171875 0.6353754328125 0.7849055484375 0.6225403203125 0.7797140109375 0.60764388125 0.7536274 0.583510865625 0.73536475625 0.571145115625 0.69946313125 0.5572136609375 0.6460490328125 0.5446804796875 0.63208954375 0.5390625 0.559375 0.5390625